1.21449
1.84759
1.42912
1.83486
1.84798
1.83532
1.84774
2.06301
1.4319
17.8971
1
1.84753
2.68392
12.6146
1.01179
2.46829
2.06366
1.83523
2.46866
1.84818
2.48086
2.26599
1
1
9.43553
20
11.1456
1
1
2.26674
1.63215
3.33064
1
20
13.8686
12.1834
1
1.84784
1.84822
17.4666
2.26535
2.26507
20
14.5831
9.9462
5.0822
1
1
1.63262
11.5627
1.20207
1.41726
1.63185
2.26708
1.63246
20
20
2.08846
2.25938
20
20
20
1
1
1
1
1
20
20
15.4244
10.1237
6.02265
1
1
1
1
1
1
1
1
1
11.1219
1
12.603
1
19.3233
2.23593
2.39459
1
1
1.68687
1.34888
16.4132
1
1
4.59378
2.39998
1
1.82207
1.72863
2.27075
1
1
1
1
1.69194
1
1
1
1
2.74064
2.37532
1.97203
1.70242
1
1
1
1
2
10
2.56924
4.19553
3
20
9.45516
3
3
3
2.69164
2.92555
1.24495
3
3
3
1.82702
1.33491
1.11314
1.20448
3
14.2265
3
20
3
3
1.37011
3.58312
3
3
7.24194
3
1.855
1.14802
3.73031
3
3
3
3
15.9733
3
3
4.76896
3
13.8263
3
2.44885
3
3
13.7006
9.24314
3
14.9222
3
11.2885
3
10.3914
3
3
3
3
3
3
3
3
3
20
6.59309
3
3.19455
3
20
3
3
3
2.32142
1.02892
